         O3    O6 Ratio   MAP   RHR   CVL
O3     1.00  0.09 -0.92 -0.36 -0.50 -0.54
O6     0.09  1.00  0.31 -0.69 -0.74 -0.83
Ratio -0.92  0.31  1.00  0.10  0.17  0.19
MAP   -0.36 -0.69  0.10  1.00  0.45  0.76
RHR   -0.50 -0.74  0.17  0.45  1.00  0.93
CVL   -0.54 -0.83  0.19  0.76  0.93  1.00

n= 5 


P
      O3     O6     Ratio  MAP    RHR    CVL   
O3           0.8825 0.0285 0.5502 0.3876 0.3457
O6    0.8825        0.6122 0.1963 0.1529 0.0833
Ratio 0.0285 0.6122        0.8681 0.7881 0.7618
MAP   0.5502 0.1963 0.8681        0.4439 0.1389
RHR   0.3876 0.1529 0.7881 0.4439        0.0242
CVL   0.3457 0.0833 0.7618 0.1389 0.0242       
