       O3             O6           Ratio            MAP              RHR    
 Min.   :0.70   Min.   :1.30   Min.   :0.448   Min.   : 92.00   Min.   :55  
 1st Qu.:2.40   1st Qu.:1.50   1st Qu.:0.536   1st Qu.: 96.67   1st Qu.:56  
 Median :2.80   Median :1.70   Median :0.931   Median : 99.33   Median :58  
 Mean   :2.34   Mean   :2.22   Mean   :1.194   Mean   : 97.93   Mean   :59  
 3rd Qu.:2.90   3rd Qu.:2.70   3rd Qu.:1.625   3rd Qu.:100.00   3rd Qu.:63  
 Max.   :2.90   Max.   :3.90   Max.   :2.429   Max.   :101.67   Max.   :63  
      CVL      
 Min.   :5060  
 1st Qu.:5600  
 Median :5761  
 Mean   :5783  
 3rd Qu.:6090  
 Max.   :6405  
         O3    O6 Ratio   MAP   RHR   CVL
O3     1.00  0.09 -0.92 -0.36 -0.50 -0.54
O6     0.09  1.00  0.31 -0.69 -0.74 -0.83
Ratio -0.92  0.31  1.00  0.10  0.17  0.19
MAP   -0.36 -0.69  0.10  1.00  0.45  0.76
RHR   -0.50 -0.74  0.17  0.45  1.00  0.93
CVL   -0.54 -0.83  0.19  0.76  0.93  1.00

n= 5 


P
      O3     O6     Ratio  MAP    RHR    CVL   
O3           0.8825 0.0285 0.5502 0.3876 0.3457
O6    0.8825        0.6122 0.1963 0.1529 0.0833
Ratio 0.0285 0.6122        0.8681 0.7881 0.7618
MAP   0.5502 0.1963 0.8681        0.4439 0.1389
RHR   0.3876 0.1529 0.7881 0.4439        0.0242
CVL   0.3457 0.0833 0.7618 0.1389 0.0242       
